Al,Co,Cr,Cu,Fe,Ni
19.95621261,27.0592146,6.483744552,10.3986029,20.91938865,15.18283669
18.54522286,15.0631956,0.486759787,15.73897943,8.525546385,41.64029595
11.8948413,12.5805012,10.38886915,12.36921189,5.215608649,47.55096782
13.10259461,11.54466398,9.460697057,12.26746074,4.37880889,49.24577473
12.87097168,18.41499042,1.58148624,16.86898962,1.881636088,48.38192596
12.81072278,18.50650838,0.726208561,15.56578821,3.083208789,49.30756329
3.487543686,41.69472774,1.098596785,6.115546899,8.307955723,39.29562917
5.68800218,25.26966199,5.963403156,7.63225477,11.6023552,43.8443227
11.17562685,6.913930894,14.16979436,11.60618436,17.44632782,38.68813571
6.513716902,4.868259932,16.46153025,11.46985194,19.84426005,40.84238092
17.78846948,5.14575499,28.15959492,2.238336448,15.61994303,31.04790114
17.55306648,6.180033103,28.38936273,1.379867196,15.16532657,31.33234392
15.28921312,3.371212402,29.18417643,1.862443152,18.49322942,31.79972548
19.96182403,0.766077823,16.36296652,14.94379159,11.74349183,36.22184819
0.922190229,4.392479346,38.7909029,25.35850028,11.10719789,19.42872936
4.750861258,4.198828956,42.65860312,27.34437226,12.97930101,8.068033389
1.62273602,7.862084629,43.49750952,25.69436132,12.49926605,8.824042465
12.26642741,1.010844622,41.3747662,22.17309737,2.183178985,20.99168541
11.89831889,1.058214457,41.26934848,22.2517698,2.468034475,21.0543139
9.593442174,0.392204246,45.61551271,16.8999956,1.220276592,26.27856868
10.3466209,0.189290309,45.87730522,16.09099977,1.410906473,26.08487733
16.48407338,5.50338007,36.8245262,11.43615775,2.078128205,27.67373439
3.349507499,12.87400856,25.39808228,19.7391817,13.87623901,24.76298095
10.31818775,9.371977701,27.06178056,9.574338145,20.62297768,23.05073816
10.11099566,9.611705907,27.17156671,9.611034344,20.5070035,22.98769388
14.10932229,15.14922107,23.84250255,18.07348942,17.70583453,11.11963015
6.547026853,12.3881246,21.74083513,23.45848353,17.19902423,18.66650566
3.520230819,21.90281135,10.48451232,25.57490532,14.90593101,23.61160919
3.868354101,25.73857024,11.16051978,26.8928506,5.901129378,26.43857591
4.30035902,24.27300718,11.56553916,26.08655568,6.123488481,27.65105047
6.386034744,24.66032601,8.552855067,25.11736412,6.992131743,28.29128832
6.415701768,24.60070914,8.483074573,25.23091843,6.962504432,28.30709165
23.00619828,16.25116551,13.58828121,28.14718624,9.363197802,9.643970961
17.74871328,17.63266971,14.37419074,26.24980157,8.714739228,15.27988546
17.55729951,17.52252937,14.57421492,26.21437696,8.868591271,15.26298797
26.80141886,1.005827365,32.24497056,3.804320947,14.33963048,21.80383178
26.52595241,1.195244847,32.05462293,4.124419758,14.08886693,22.01089312
13.16028059,10.89616007,35.67667465,0.292049676,10.83746792,29.13736709
6.000254865,10.15547124,33.83441681,8.573133882,8.585056431,32.85166677
9.335996566,17.15931009,32.07694223,23.05015513,12.17412361,6.203472374
5.855470704,17.74343737,32.90930813,20.3899806,15.99207315,7.109730055
5.159944812,18.21659095,31.922505,21.09098648,16.731714,6.87825876
11.1520386,7.380470036,33.17316382,27.03040947,12.06423021,9.199687867
11.21648053,6.767757843,30.75496177,27.37242156,13.93724534,9.951132956
11.35677137,8.664408209,31.40750744,28.15095855,13.69627819,6.724076244
13.21106482,18.56055563,5.115838651,24.55505685,16.53836995,22.0191141
16.21188208,15.70063911,2.993825835,21.55985641,17.03627731,26.49751925
25.37479433,17.99217322,6.804341435,7.990875466,14.10458994,27.73322562
26.11257134,21.2767362,6.742813951,5.299873045,11.23016693,29.33783853
1.043339496,21.80384994,19.97210328,2.423798828,15.80891887,38.94798958
1.231594433,21.58696606,20.00550346,2.3476118,15.97074831,38.85757593
1.058348633,21.39918698,19.88296916,2.756423554,15.75686534,39.14620634
1.35919911,20.96695826,19.93156422,3.585013974,15.4446287,38.71263574
11.18412529,10.90048539,22.30003068,6.126477625,7.59048565,41.89839537
24.34386362,5.200374211,8.153683801,42.0627328,0.922544942,19.31680062
27.38827099,27.08434233,25.65001943,3.271376811,5.612708608,10.99328183
22.84977185,26.67144958,24.35864688,7.851142651,3.387739693,14.88124934
28.47347268,21.9570634,28.68253565,4.834864273,1.190906804,14.86115719
26.43663609,10.27766471,26.91532354,6.547032962,9.622429599,20.2009131
36.76386478,13.16298865,18.7102861,8.282661155,7.062636441,16.01756288
36.27606261,13.19657687,18.71283482,8.815372836,6.881186164,16.1179667
27.89794784,15.3671436,18.36237957,9.989345185,9.989102504,18.3940813
25.13719235,20.07206335,18.63710161,25.199953,5.448529888,5.505159794
11.95706184,16.5710708,21.17486184,11.7980157,9.559329134,28.9396607
10.81681378,15.39891866,21.37544718,9.630530318,13.49330245,29.28498761
26.27197233,18.31233274,7.561196904,15.52832788,0.164021499,32.16214865
17.86779654,25.34004272,11.46498677,30.45325474,10.44145564,4.432463601
22.23928628,16.60705143,11.55549527,29.33059186,13.69164647,6.575928693
31.93404081,29.35535577,14.93945758,3.464981163,6.87009864,13.43606603
33.05357731,12.3611924,11.06260153,5.021912873,18.99171492,19.50900096
43.18348704,10.03799046,6.128400358,4.914271758,10.31372625,25.42212413
43.11369223,10.51922468,7.00441885,3.796763301,10.50938091,25.05652003
42.77358437,11.91137923,6.621691835,5.47944511,6.611329387,26.60257007
37.50683926,12.18574662,22.72611157,2.931411828,1.647272303,23.00261841
28.64732019,9.526504257,19.52606283,9.991457419,2.815842304,29.492813
24.61256512,7.767866305,17.5261387,10.65098783,7.757984608,31.68445743
33.8851942,0.870820376,27.00420231,6.356057874,6.048186949,25.83553829
12.65945305,2.258163014,31.83900161,30.38715164,20.16211468,2.694116002
14.37773884,13.32074831,22.38577939,33.24996205,8.739781403,7.925990011
11.97178389,4.82471697,32.67816702,32.53297397,8.467667908,9.524690241
9.711448534,2.016308739,31.76274619,32.24406451,13.30885411,10.95657792
0.603775501,7.518721363,33.02741767,26.65988052,19.96590338,12.22430156
3.234064959,3.89753741,34.56360492,28.82841924,17.60063401,11.87573946
3.560330488,2.681730668,34.43092307,29.48107099,18.10087098,11.74507381
6.283790487,4.359019058,33.51872751,23.31774091,19.26373406,13.25698798
18.7085129,20.21890684,28.20499896,16.11410709,16.4309522,0.322522012
20.58583896,18.85363229,25.28648239,17.21149071,17.49859081,0.563964839
0.837574328,16.52471698,23.67752448,25.00436607,14.47738616,19.47843199
1.377561461,16.2489885,23.80583343,24.51167363,13.93116421,20.12477877
5.756512003,11.82986985,22.11674015,24.02945226,14.51644684,21.7509789
4.827546556,11.400009,20.91671288,24.17583445,15.63655967,23.04333744
11.94517106,7.840657942,19.02129567,22.07398442,22.73412317,16.38476774
19.36991792,5.073014785,17.72856173,22.42812122,15.04030016,20.36008418
38.53884807,21.83250221,18.09626317,9.511401923,4.735235688,7.285748946
10.11067577,31.81474363,21.77269426,24.47503643,3.392697509,8.434152409
4.544903838,28.62709259,23.39312508,35.18819768,1.730831613,6.515849197
4.818400102,28.92758391,22.47754284,35.51849492,2.790932563,5.467045671
2.845676634,29.00854433,24.87662536,33.75622455,2.116173173,7.396755958
9.449529554,24.47785885,24.15233468,33.25525784,5.606011543,3.059007529
0.640994257,22.34798497,25.39419319,36.72285221,12.1965716,2.697403777
1.964051051,23.0373208,23.5947358,37.89243939,12.13836195,1.373091009
2.86244253,24.22575855,22.07884628,38.69311208,11.64928412,0.490556448
13.970931,18.17881598,10.67735261,45.45979837,3.049082653,8.664019395
14.42172841,16.83762231,14.25293986,44.22628282,8.179488936,2.08193766
13.80103244,17.20312401,12.24671491,48.80832467,4.338373263,3.602430697
4.737219052,14.65549068,25.95769216,33.45017494,11.12827142,10.07115175
2.534090193,21.61699968,12.2492858,30.40232422,10.19740294,22.99989716
5.09613701,26.47797469,1.092010689,27.01442629,16.95907933,23.36037199
2.969038293,27.93910892,0.799135154,37.00956286,12.00137372,19.28178106
9.569060517,10.3801395,6.053092883,39.27513633,19.97320361,14.74936716
6.995161978,10.68330205,17.16225265,34.62359533,20.7131374,9.822550594
6.416546872,10.79710458,17.27435238,34.17842857,21.18963798,10.14392962
1.920442898,1.461983268,23.07017303,36.40293515,21.17199038,15.97247527
7.295860055,17.1225824,15.85418205,31.9513225,22.83886673,4.937186261
8.23912341,15.18393997,13.98902277,29.37672526,29.99109437,3.220094221
13.90208362,4.185452407,10.28441715,47.64735478,0.178926854,23.80176519
14.58313712,8.194653605,6.178395508,33.82024239,6.419824866,30.80374652
14.50456912,8.184529136,6.204902456,33.82932934,6.465957416,30.81071253
10.21357982,2.62550402,17.45794933,47.47181222,4.4241625,17.80699211
10.33214294,0.059529623,18.00076138,46.67576685,5.647918377,19.28388082
9.445880349,10.12977291,3.323500164,38.0150648,10.28085951,28.80492227
10.09822267,8.4678319,4.8331633,37.18588372,8.475874767,30.93902365
13.33664264,8.127984171,2.139746368,42.2956445,6.9712558,27.12872652
11.32156791,10.59668743,0.113546228,46.17961945,4.622417833,27.16616115
5.126874398,13.3660251,6.42666628,48.56001973,3.415797117,23.10461737
3.18286394,15.86363798,7.559862872,47.84912951,5.359135519,20.18537018
1.292921779,14.88024572,12.85883446,45.69746036,6.951747488,18.31879019
0.923424274,23.85493347,10.67698742,43.5316814,12.57408286,8.438890573
21.90164053,2.98471728,15.2055522,34.08595009,1.667299527,24.15484038
13.78469945,3.444601349,10.78045107,36.33188552,6.680501654,28.97786095
14.37941283,4.627799971,10.63852989,37.03797511,4.975993252,28.34028895
8.885699867,12.9230328,12.12680736,37.04722485,2.989319059,26.02791606
7.699040873,15.31054215,11.99646765,35.23898137,1.521815416,28.23315253
8.57370395,10.47166496,13.60585188,33.28093352,1.729674718,32.33817097
8.456176336,10.53234129,13.63363435,33.28871062,1.699989989,32.38914741
1.650458533,11.11222549,22.93261736,32.31063389,5.159643264,26.83442146
1.198876027,17.74255594,28.5049345,26.94203638,0.713583453,24.8980137
1.698789854,17.71061969,28.35622619,26.72075637,0.531620055,24.98198784
13.69801959,17.65321009,1.015679887,5.416320851,24.43613465,37.78063493
8.096833794,4.304472747,22.1758049,0.174651427,36.01729518,29.23094195
11.38127083,27.45652438,2.586039291,30.58022554,19.56350167,8.432438282
2.811186537,37.85441731,21.50760738,22.10771598,0.140756574,15.57831621
2.476178291,37.83370889,21.45858719,22.20156302,0.357222218,15.67274039
6.568602683,37.79060389,23.2587405,15.80249526,2.048701191,14.53085648
5.51014853,38.37049279,23.25938427,16.27773563,0.779025665,15.80321311
20.98864771,41.22106498,3.810490611,12.37153015,5.038800043,16.5694665
18.3064232,45.31290227,7.844220134,15.12651797,1.022843199,12.38709323
21.61330572,42.65569254,8.666189094,10.5218763,10.69345134,5.849485007
6.906527147,21.87367408,42.42211925,6.771709255,8.668494428,13.35747583
8.678183414,22.44853613,43.35850586,5.083462073,9.131379648,11.29993288
14.12682606,14.92589361,47.3436185,6.442667483,7.732885092,9.428109258
16.11348813,11.85472532,45.11893426,3.909630568,14.28455004,8.718671677
12.72672646,14.53420373,37.02075265,8.419217676,15.44471834,11.85438114
8.784562367,15.2890479,36.84814213,7.224540292,21.16375856,10.68994876
6.833164627,19.83395549,40.85399289,5.267119176,23.0335358,4.178232028
5.569074848,17.61451055,41.6206209,3.842774753,23.06656779,8.286451155
5.588045925,17.5908216,41.41258093,3.698818748,23.12381089,8.585921912
0.685961518,20.81528942,38.68700095,12.62602989,19.18927132,7.996446899
34.4464963,4.969000172,3.577456262,38.10650744,16.34070745,2.559832371
34.32302418,4.712445619,3.474296319,38.40784932,16.37850188,2.703882676
26.29288178,4.580380059,15.9755326,22.794339,7.337991774,23.01887479
23.60834977,4.168606757,20.96469734,22.35149401,9.172619808,19.73423231
18.55363725,8.646395716,23.05784276,28.37103849,1.869258162,19.50182763
15.22814867,1.738461491,33.02720108,26.50854513,11.06304587,12.43459776
14.93606284,3.429815995,37.18597869,24.09197708,7.156760929,13.19940447
18.59836079,0.537161726,33.47518215,29.69639527,6.943090288,10.74980976
18.62871615,0.573232273,33.46263348,29.68584629,6.944505351,10.70506645
14.25907145,5.592705576,34.36745578,23.59121038,13.2620314,8.927525423
14.46067956,2.217041094,32.70706621,19.90710224,16.99354767,13.71456323
13.96987403,8.023990201,31.15352078,26.251793,10.91214731,9.688674672
13.93404202,8.148895511,31.02514049,26.37716031,10.86162995,9.653131725
13.71518571,7.041501952,26.69012933,27.30984645,13.57548979,11.66784677
14.02408182,7.725303973,26.31587972,26.63587371,13.13161599,12.16724479
15.66068515,7.386008106,29.45832692,29.61755114,8.364151223,9.513277467
16.96301669,8.094278847,28.32807084,29.50783782,8.426451995,8.680343812
11.58844471,10.5984061,32.39744933,28.82600609,6.110336979,10.47935678
10.95428273,9.492844348,33.79900605,31.7845661,5.84436402,8.124936752
23.97863922,6.553610433,7.387922196,25.21965076,6.435698516,30.42447887
25.83004419,18.2415409,4.67501287,4.195846282,20.80837949,26.24917627
14.92680035,23.95524318,12.92398572,7.832639181,11.20079106,29.16054051
21.18727892,21.92988761,9.054642098,9.296809885,6.613865676,31.91751581
21.80651728,21.18076995,9.462852385,9.933897425,6.696078111,30.91988485
13.4209825,23.32231464,12.77435435,13.62727726,4.283271403,32.57179985
14.03080706,24.71492134,12.20739212,9.949203182,5.689483481,33.40819282
11.17593769,18.49821892,17.96836067,8.414423669,8.852974223,35.09008483
5.132905495,34.59052154,2.871172322,8.90434866,8.111222281,40.3898297
10.33226847,29.2095771,1.118591298,4.566351314,8.278994191,46.49421763
10.25682159,29.24576769,1.056914052,4.631700384,8.264540126,46.54425616
5.843915383,27.36565268,6.302276577,2.822756204,9.065470294,48.59992886
5.928193796,27.30603463,6.386531159,2.412589562,9.838229906,48.12842094
5.221029003,29.90315616,6.269757584,0.240359777,11.48581643,46.87988104
4.525253539,30.45616365,6.218611857,0.668950806,10.53569261,47.59532754
5.536035938,30.31539458,3.046559858,2.868477668,10.54439125,47.68914071
5.4355577,29.97558791,2.856856982,3.376520201,10.44837603,47.90710117
25.8883331,0.978667955,16.74706964,40.6832074,10.24584979,5.456872108
23.92199449,0.402430593,17.72742566,41.42925231,8.441530233,8.077366708
22.06931111,4.637046381,11.92028275,33.59179463,10.03343815,17.74812698
21.38711464,6.455943163,13.8239908,32.49735809,8.051867866,17.78372543
21.16280808,6.760473625,14.16844782,32.36618931,7.329418319,18.21266284
31.73107685,5.154311217,3.984140973,14.217656,20.95035739,23.96245757
31.84076512,2.379906984,3.970585663,11.6625274,22.70177363,27.44444119
30.1673558,9.842790879,1.555298218,0.319001478,28.99634092,29.1192127
30.3347606,10.87618219,0.377229891,3.323806163,24.2853931,30.80262805
28.81097949,9.934383383,1.949303678,3.065962365,23.84650934,32.39286174
25.5543919,10.24578749,10.94972944,17.32305857,11.71832317,24.20870944
15.18190033,40.39398981,0.708299267,9.762690011,21.64754427,12.30557631
15.30152302,39.52778632,2.73152077,9.878176576,23.09814178,9.462851532
14.55806045,42.75953886,1.612737462,8.566303036,21.96696221,10.53639797
19.98165388,44.53205597,6.700689029,8.50271818,18.05346655,2.229416399
21.11671656,41.889838,4.308356259,6.844195102,21.32256922,4.51832486
20.6657621,41.98881086,4.900603732,6.605242488,21.67810898,4.161471837
9.953768799,46.84900213,6.091933226,0.9967961,28.83050099,7.277998752
12.59407477,46.66989675,8.777902053,2.744257073,25.95531384,3.258555519
12.19200143,47.02360262,8.302749769,2.60065527,25.52300498,4.357985926
13.95515685,49.54831506,7.085956511,0.615209838,24.5062305,4.289131247
14.37013903,49.65834096,6.453103067,0.387265835,24.53954754,4.591603571
14.85730381,47.51317752,8.250454816,0.787350402,28.33742853,0.254284927
10.01079568,49.6335555,10.02044235,4.653624319,23.13125376,2.550328398
27.71489751,2.521068965,3.286362964,10.97702071,26.88985384,28.61079602
16.42715177,8.716409577,20.16713064,1.630109003,15.16557484,37.89362417
16.73079311,2.94387798,21.52880233,7.145869646,19.21284814,32.4378088
21.56801304,2.270103137,22.00422084,9.805505421,17.57406856,26.77808899
16.08451072,11.62854293,22.97362883,15.1655551,11.35832023,22.7894422
13.06387089,14.33945624,23.68414294,10.97106648,12.59313967,25.34832379
8.134200977,19.8150436,17.35036505,15.25967156,11.80041344,27.64030536
11.57950527,17.93072733,23.01247867,13.15769696,13.34001094,20.97958083
6.7758831,21.94460029,28.38053281,10.21056912,19.39439854,13.29401614
2.112069972,26.36400131,27.41290995,24.74167015,7.262292565,12.10705606
0.014378633,27.23633617,26.54071315,25.61254022,10.66859615,9.927435674
7.660281214,30.58370105,22.16673921,15.15739584,15.00265539,9.429227301
19.95474003,36.85580845,30.88727652,0.396137227,0.156130359,11.74990741
19.9612236,36.86151971,30.88313054,0.391352083,0.159654967,11.74311909
21.99033467,25.59642873,36.89384284,3.328926721,2.158203763,10.03226327
21.97262115,25.15075372,36.47910664,4.225430519,4.435267675,7.73682029
8.479052159,25.85004528,39.21411619,13.73687376,0.052539646,12.66737297
15.22599403,30.38897261,35.30381931,5.150343756,4.959784606,8.971085696
23.81740509,33.14600432,34.68355247,1.394937379,0.965137128,5.992963609
23.37931826,34.37934771,34.7648772,0.958556385,1.159065383,5.358835056
22.56935329,33.49525146,36.23356405,2.407194304,0.237085655,5.05755124
17.66663187,36.2771391,32.45728718,1.457937199,2.269883957,9.871120696
20.94919261,37.02344443,29.35241339,1.548258556,3.611272641,7.515418379
22.33532874,36.23290585,28.87530324,4.029556449,1.609430898,6.91747482
22.79821366,38.56380412,29.01784835,3.478353085,0.432584833,5.709195955
21.04519624,41.4026043,24.83270594,2.967682886,2.550657198,7.20115344
17.27107625,39.27611823,19.39985431,5.384418857,5.828670993,12.83986135
21.09217955,35.99084739,16.98841962,0.766370965,12.00314807,13.1590344
17.33995183,43.7815534,15.53580477,1.974939047,7.396951429,13.97079952
12.92706295,46.55566308,18.5832105,2.163786048,6.954783349,12.81549406
17.36291795,46.99641423,16.53895203,1.245989716,7.385616565,10.4701095
14.34329838,45.01497562,10.06416923,0.677233897,15.66219159,14.23813128
12.32509355,46.53069683,9.920983243,2.868053287,16.62264767,11.73252541
21.99474594,34.3990473,8.116217261,0.168977224,18.76268146,16.55833082
25.16423868,37.37867133,6.230212443,0.293331532,16.21774804,14.71579798
21.593304,36.3187343,13.42219651,0.492934159,16.98758556,11.18524547
23.4844042,37.1752388,8.78425308,1.146142434,16.72530035,12.68466113
11.27565736,35.6894524,24.09460207,1.91679945,9.968641615,17.0548471
5.565351635,33.13499746,28.00977559,9.594648908,11.27325428,12.42197212
10.85675295,12.66373176,31.21626475,6.136076248,20.59770735,18.52946694
9.265021048,18.23091322,30.27483945,5.551037977,32.1209649,4.557223407
8.260363475,19.11100435,29.93825485,5.136013545,32.93628971,4.618074071
6.032856477,10.35714458,37.38424915,2.205500725,34.14964033,9.870608739
1.791433889,9.890276466,44.27993838,8.111936981,34.22897389,1.697440391
2.323139203,9.569202326,46.1554468,8.058915454,33.13091433,0.76238188
17.62869692,29.8721165,10.01746675,20.85697753,19.65233499,1.972407312
14.61188318,20.25317114,12.30560624,23.07736627,23.16953642,6.582436751
9.809456318,27.00045442,11.34554704,20.13229261,19.13244203,12.57980758
7.581744002,22.19052983,7.124084768,27.91651861,21.35025558,13.83686721
7.434169928,20.59226567,6.773736402,30.21304253,21.38854061,13.59824485
7.123118398,20.75192099,9.422853856,29.9459287,20.33346437,12.42271369
1.981235843,14.67637783,14.63855178,34.51242435,32.70567559,1.485734603
26.84528031,10.79700633,4.565080948,18.49959575,36.30632847,2.986708195
24.83083203,15.28131176,3.641873197,17.38664896,33.56041555,5.298918497
25.16668128,14.05903694,6.117376364,17.67515085,32.48031134,4.501443225
13.61113037,23.72313114,15.95957608,16.17072139,23.64226219,6.893178835
15.35921591,6.749095236,26.40685114,18.08958497,25.3534851,8.041767647
16.31009965,22.31095429,15.53929712,12.96012695,27.30255968,5.576962307
17.56624202,20.14788063,12.36235025,15.1568849,29.16709897,5.599543235
18.01137676,21.42930825,14.95767086,11.42424269,27.17280715,7.004594292
18.05883154,21.1836049,14.86359478,11.69417724,27.17710894,7.022682601
25.00530219,23.90784498,6.60360127,23.73386649,18.43035643,2.319028639
25.371824,23.4623302,5.457673683,25.28304518,17.88172805,2.543398893
25.48761916,23.67976329,5.165534115,28.68075717,14.89514394,2.09118233
23.54245867,26.55528702,7.550773545,29.97304976,12.12974851,0.248682491
2.224614844,25.10581378,25.59498359,38.63905329,6.83757709,1.59795741
6.358009321,15.268016,27.12538387,47.17655231,2.111986349,1.960052154
6.787182439,12.34307833,28.03963734,44.71556682,6.412623678,1.7019114
7.841262027,11.42055471,32.21527998,41.89902258,3.595227196,3.028653514
9.672777706,8.010391385,33.80960869,40.35130361,2.646603096,5.509315507
9.615172648,7.925499527,33.6551032,40.47119003,3.058764455,5.274270143
11.92199907,4.840799571,32.38613314,42.00928526,4.36399187,4.477791085
11.36060282,6.090534934,30.78638237,42.04814229,4.487510238,5.226827351
11.56896111,3.673613227,34.53504133,37.39558568,9.538039587,3.288759071
11.87590608,3.501479197,34.49703456,37.28473869,9.792437067,3.048404406
5.263140297,17.55110761,31.41450673,30.82212304,13.97856513,0.970557198
0.246829842,8.585280627,14.7095845,28.22444042,13.98215177,34.25171284
7.438678363,6.477363047,6.080673975,35.89333436,2.815654638,41.29429561
6.885743879,6.570209529,5.708301467,35.74688859,5.003998958,40.08485757
7.854815154,3.014352116,18.54511139,25.98413967,1.210075291,43.39150639
7.726508284,2.897248851,18.68553728,26.07783828,1.324407154,43.28846015
9.690444006,1.886884728,17.81885519,26.06532791,0.735017299,43.80347087
8.78362083,3.039723532,16.72233554,25.63530711,2.521920466,43.29709252
7.843712707,6.139414354,20.34974988,17.10381383,1.759191437,46.80411779
18.77859295,0.119241893,19.18161605,12.98757857,10.23482767,38.69814286
9.052636832,12.83469984,12.24108339,12.67962589,5.833170577,47.35878347
4.078491293,25.10218477,24.99792417,5.686295591,3.007249736,37.12785444
5.527903909,10.60398794,27.34495518,14.45051663,9.0801165,32.99251984
5.258986202,10.53349479,27.12602589,14.90861461,9.444245147,32.72863337
0.05863443,9.9639901,33.01170726,11.68226683,12.80828566,32.47511572
1.028407452,8.259476565,34.26964379,11.92119404,10.2787335,34.24254466
1.508681702,0.676151993,20.80214899,25.22859489,9.725319471,42.05910295
4.965744747,0.307480242,20.41590568,22.28844369,8.198187713,43.82423792
7.934664805,0.148654579,21.65292248,20.6038947,5.518352354,44.14151108
4.186122288,1.56064101,26.20442361,23.23501725,1.843866117,42.96992973
2.598273365,0.328523371,27.71850082,23.45432951,0.53526944,45.36510349
1.950643964,1.159109783,27.68756543,22.84038327,0.99077568,45.37152188
3.02787401,2.968071276,25.84667937,24.40760116,0.650301613,43.09947257
3.042358355,2.991591322,25.81626559,24.41485911,0.641216216,43.09370941
13.47735096,9.727318186,41.25128009,4.324127417,9.984490018,21.23543332
11.89154198,10.34137306,42.02536081,3.696995739,14.81960492,17.22512349
14.49628586,8.412520047,39.60040208,6.503815503,12.88316892,18.10380759
17.56334087,8.01539005,41.63366585,10.79636448,8.197081374,13.79415737
17.18245446,7.547279427,39.71827227,8.022129269,11.33974519,16.19011938
0.302382691,8.759192614,32.97535993,21.93823752,24.1208992,11.90392804
0.844156023,7.949506209,32.58761744,21.57261702,22.22781395,14.81828936
8.298983574,10.26481052,29.87320536,22.03003229,16.11089197,13.42207629
8.463145765,10.0617082,29.74886066,21.95533332,16.51996049,13.25099157
18.51532164,17.06498812,23.068651,14.13247648,11.08175726,16.1368055
28.20827309,18.41023896,29.32750317,10.84752983,0.647247808,12.55920715
17.4629179,2.242964883,48.41818481,14.28315347,12.77557107,4.817207875
0.306061918,11.93150631,32.08205475,40.04159017,15.38176796,0.257018903
1.005858432,12.46281493,31.47885151,40.27237931,14.75764885,0.022446968
1.07311624,12.21968578,31.45879106,40.56083405,14.43136217,0.256210705
1.074791019,12.44071037,31.36104578,40.61268891,14.43392757,0.076836358
0.912969276,12.72322322,31.27247292,40.49008778,14.11006683,0.491179977
0.819125238,16.96887397,29.66278825,40.34895055,11.50330865,0.696953347
2.513842798,11.4247044,34.26132322,35.42424712,15.96629392,0.409588532
2.958857164,9.246944132,36.20573176,35.44436359,14.03853004,2.105573317
14.02485696,16.48332416,22.35199996,39.64928512,7.425398468,0.065135331
21.89793147,21.00315513,19.64683324,30.78892896,3.514656872,3.148494334
0.482028789,21.30803359,29.88422537,25.02187898,10.24125085,13.06258242
8.435751987,26.83155321,26.64815832,23.10371895,8.418414602,6.562402939
5.638673257,22.24343681,29.1937944,24.29774731,12.07879945,6.547548774
3.121256973,26.84354887,27.27254375,16.19756641,10.57513086,15.98995314
6.680323334,36.74989702,26.43574474,14.45436819,7.838834792,7.84083192
13.29717619,30.51752018,23.5586454,16.82791683,6.463726483,9.335014911
5.011469875,34.2893933,29.01590358,14.19388532,15.36507081,2.124277114
2.247788351,31.12450078,29.33718457,11.92233713,17.60229331,7.765895851
2.126303547,30.73630619,34.75006115,7.457002944,13.82198356,11.10834261
5.921024528,16.36593962,24.85123743,20.31558308,14.12036842,18.42584693
5.049541726,15.95296046,24.82502323,23.33465977,5.584864285,25.25295053
5.559741225,14.93943785,23.20518965,22.49885427,7.915646678,25.88113033
10.98102089,15.46098135,5.616360425,28.97070373,18.81411066,20.15682295
13.98534752,20.77866202,19.09862234,7.795100217,11.15664841,27.1856195
0.12999232,6.1325583,19.13397789,18.90598301,41.79934039,13.8981481
2.06858976,6.24473095,20.53938455,9.18905751,44.14472528,17.81351194
3.694345741,2.876885182,12.43531036,11.33439667,46.753254,22.90580804
1.203324374,5.047590827,10.35416099,12.77280657,48.33501416,22.28710308
16.12693723,25.68680985,5.077481787,15.72478112,23.61634299,13.76764702
2.922292527,1.381046511,10.87718949,25.29504742,19.90341984,39.62100422
0.61850848,7.278809611,4.905694106,28.03419054,19.7085096,39.45428766
1.060006834,8.27497638,0.891231772,31.19749291,21.20794163,37.36835048
0.013965251,9.533920034,7.27778419,28.99656157,22.31743547,31.86033348
3.294129978,21.64520141,2.838030771,36.14112428,16.63678202,19.44473153
13.14764125,30.04434068,6.524583512,12.62713313,9.211769347,28.44453208
15.5343102,28.21593539,5.636905065,14.44311104,6.943305412,29.2264329
12.83308218,22.71788268,2.612211623,19.66417133,14.27136975,27.90128244
12.85930666,22.66501206,2.559300106,19.69246115,14.3374482,27.88647182
12.41270398,24.95902773,1.858210132,17.21789741,16.67250006,26.8796607
31.18681897,24.92076661,3.935392493,5.156865074,10.63605699,24.16409986
30.66372231,25.0365167,5.50190088,6.41863653,12.89910727,19.48011631
30.74334836,24.99634155,5.711841694,6.439873672,12.45059731,19.65799742
19.59290448,34.98976084,11.35602317,7.601886441,6.000344407,20.45908066
20.19912787,33.47258839,14.29442128,8.896830614,2.227075246,20.90995661
20.40009079,37.09789392,16.09452768,6.723999636,7.66686711,12.01662086
12.96222129,35.96976424,8.356629841,2.069138454,21.64896746,18.99327872
0.700853326,29.9651173,8.321288927,10.34783571,22.29527079,28.36963395
5.261971161,41.9335553,13.08749497,13.43734909,20.45715146,5.822478006
5.126367199,41.61258172,14.46441668,13.18342334,20.2929084,5.320302669
5.127135541,41.37434087,15.05342197,12.70807726,21.77089679,3.966127554
1.681696856,40.33154184,14.74938235,12.64286105,23.57275501,7.021762898
0.110877472,42.2946461,14.92102416,12.27309549,26.53254378,3.867812999
0.808100111,41.67330949,15.93990504,11.91770887,27.12069783,2.540278654
0.039073537,41.90641805,15.12475015,12.10888798,27.87928946,2.941580831
3.604099497,43.93294002,14.23805293,13.42529104,23.85777653,0.941839974
4.54760404,46.63689909,13.69623405,4.479194969,25.22485253,5.415215323
0.74683912,46.54554212,13.26198495,6.071012497,26.46226868,6.912352636
2.82782376,49.66853814,16.9286757,9.703814646,19.79033816,1.080809597
3.880408107,49.70162545,16.17802366,7.481822142,20.94979446,1.808326178
3.70559321,46.5924423,9.148064596,11.9268381,18.60441937,10.02264243
9.662782979,35.4722289,12.35954801,11.55042796,24.5704303,6.384581846
13.73094682,37.20530463,0.393879211,4.211786037,36.35391638,8.104166936
13.56479807,37.04412891,0.561185026,3.729583615,36.60087174,8.49943264
16.99947127,34.88011261,2.258592823,3.041863614,36.94593719,5.874022494
13.25289725,39.00424346,3.438177723,1.416614037,36.35643487,6.53163267
13.48654842,37.59912192,6.829939441,2.154820061,34.9828974,4.946672755
12.16775687,38.78358192,6.054551334,2.677861163,34.87879456,5.43745416
12.59903612,37.74261152,5.279595859,3.979087437,35.24784903,5.151820036
11.12344005,36.82966979,6.968068664,4.21599102,34.84170449,6.021125976
11.01522723,34.82193955,7.193249241,2.592266213,37.65609998,6.721217785
1.855931858,44.68471706,1.943609797,10.34594154,31.73855161,9.431248129
2.293953042,45.43336957,4.965149418,10.88403494,32.82962326,3.593869767
2.906790568,45.06755088,4.977549916,10.30496996,32.91974216,3.823396525
5.663700374,38.56120125,5.028346011,6.441285811,33.42582318,10.87964337
10.99878875,35.57419347,4.798391996,4.799495988,40.27025657,3.558873227
11.68460659,35.22838495,1.336028725,4.380891537,43.96715513,3.402933078
11.95416979,33.8576994,2.96623325,4.909398557,44.01870615,2.293792859
11.8377676,33.05957278,1.384323856,4.670127624,45.22520998,3.822998159
11.08763832,34.12325606,1.798404685,3.674538969,46.04289532,3.27326664
10.79960692,36.11583522,1.317729904,3.364350404,45.39743136,3.005046191
11.60827919,36.46741877,0.388354642,3.452668217,44.52038945,3.562889738
10.99104882,36.02794147,3.051902345,1.309671355,46.66726575,1.952170257
11.1132183,35.56892046,2.611900784,3.2570262,47.25289439,0.196039871
11.08518896,37.27205039,1.121753274,2.58257083,45.66747962,2.270956931
10.85554386,38.16587946,1.268235935,2.501449204,45.57188075,1.637010791
11.58082366,40.08714906,1.362683502,0.237047831,44.76713257,1.965163372
12.0226688,41.49875203,0.866115954,0.760960259,43.91295511,0.938547845
12.03234958,41.33769089,0.526911614,1.669077045,43.90198437,0.531986511
9.442831769,44.10861777,0.531128022,0.539567838,43.36264951,2.015205091
9.471666557,44.09867135,0.570510585,0.521626252,43.38871088,1.948814383
5.6091183,42.25777228,2.994737834,3.191808103,44.51559824,1.430965243
4.07837992,42.57905723,2.23876204,3.939571714,43.71432961,3.449899485
4.048879844,42.56755978,2.242011913,3.956937857,43.69744127,3.487169342
0.608541482,44.9239005,5.544602185,0.265213671,41.05584529,7.601896872
5.066590005,45.49719373,3.112776127,0.731910183,42.2207245,3.370805451
8.479297549,42.40659555,3.397345566,0.753851068,37.04093735,7.921972917
9.040043285,44.09194662,8.219650461,2.295868313,36.26040289,0.092088427
9.166448423,43.96509696,8.395351061,2.251103382,36.16050094,0.061499238
9.182777015,43.97900313,8.395582801,2.168102404,36.18049004,0.094044609
8.065265165,43.61668837,7.98546819,1.854553101,37.21560665,1.262418527
6.745595952,43.9819995,8.524901503,2.183908127,37.53374823,1.029846685
13.16397098,44.68652591,5.253424271,2.426968832,33.66987189,0.799238124
13.8681411,45.61193599,5.151103998,1.235744349,32.38404419,1.749030377
14.5339172,41.34199778,3.795154628,4.217584157,35.49611376,0.615232469
14.07154422,41.62610937,2.378852682,4.898188086,34.66285839,2.362447249
13.53670773,41.75462772,1.679449455,3.982939341,34.64260401,4.403671747
17.51774114,39.75285117,4.514673638,3.055815982,28.19243024,6.966487824
2.464060215,36.13311063,9.972552178,7.289998995,28.03194376,16.10833422
3.369920413,33.83590963,7.179646532,32.7973423,12.62004682,10.1971343
6.401009835,34.65833847,9.860551612,33.97143216,13.0059873,2.102680623
15.31632617,29.73138289,3.834539759,30.63828758,19.31538179,1.164081814
15.93129756,29.69565224,3.642706286,29.93315587,19.2929592,1.504228849
12.84336939,27.75849733,3.756552702,29.79037535,18.79783508,7.053370145
15.23415812,42.74367515,1.050948645,27.60327038,8.025396971,5.342550737
30.39031731,25.50186147,6.916639043,23.99292428,2.647722759,10.55053514
22.65248935,19.13730579,12.45904515,35.39092386,2.697810802,7.662425054
15.88474392,18.24762174,10.32455967,41.78112557,5.891451027,7.870498068
9.829766325,22.49598051,15.60440685,41.55960753,6.122192465,4.388046317
15.41901247,23.86686698,12.32128345,41.93824721,1.813713381,4.640876508
15.31117389,23.79203174,12.33702571,41.74525429,2.250320466,4.564193897
15.3189279,23.58210292,12.42836628,41.8098945,2.570969063,4.28973934
10.37903736,9.214202278,15.64738711,1.172372258,26.35830336,37.22869763
11.2632246,8.648043104,16.96564516,0.713741343,27.06894407,35.34040172
0.987418257,33.38543017,17.53768903,15.45386209,25.56172419,7.073876264
0.683132251,33.93965795,15.84938294,16.09479148,25.43856699,7.994468394
12.46170629,24.16863869,22.53832862,15.59829756,23.7079779,1.525050942
30.52085956,5.033851278,33.14037007,5.503422045,14.31586837,11.48562868
22.59235115,25.28793236,17.8422566,8.891148387,13.4539629,11.9323486
25.43216062,24.94378914,20.47921802,7.482292753,13.9179484,7.744591068
9.428058065,24.92279765,6.956640153,22.99650477,8.368856238,27.32714312
1.231458515,16.73080823,17.67730386,8.96550305,16.30527558,39.08965076
4.666199266,21.43050406,15.10975443,7.975101166,10.52994215,40.28849892
4.61556999,18.93884749,15.48886066,10.44376654,9.944293649,40.56866167
6.306803768,18.55238389,12.6583406,12.14721036,7.320644502,43.01461688
11.84992561,22.13106429,12.6065008,9.096167593,4.88479259,39.43154911
9.395656112,23.94769378,14.12336928,8.993542414,7.517292744,36.02244567
16.72872263,32.15894117,11.07345873,0.510587949,4.518893303,35.00939621
16.39405893,31.81083786,11.61017304,0.771616669,3.880676341,35.53263716
23.93210072,48.99026762,10.17430546,3.928611462,5.025349783,7.949364963
25.78754639,46.95180866,12.37451221,3.764709821,4.484135892,6.63728703
26.26688523,45.63838454,13.0520836,3.763914214,4.645774838,6.632957572
26.45314443,47.63095096,11.87330746,4.774116272,3.91715411,5.351326762
25.91698508,44.98558861,9.974354865,5.186697343,4.350331414,9.586042693
19.70339315,47.90431139,10.02891526,8.095107491,5.300817196,8.967455513
21.49516961,42.00111974,15.99881817,10.61729276,6.221333884,3.666265837
4.802545268,38.25939977,22.93031271,10.61424568,2.736658485,20.65683809
15.20911065,17.87785796,43.32032081,3.819303651,15.56129894,4.212107987
10.2396307,28.77100508,38.29589295,1.948678109,16.21068272,4.534110451
18.08215552,31.88616228,2.419747106,4.624866075,15.42558075,27.56148827
16.67544088,33.65991027,0.393297121,3.833727956,18.34226947,27.0953543
16.94637663,34.30072673,1.90787219,1.829259168,17.9887494,27.02701588
18.73732914,31.37261362,0.776476113,3.919706503,21.8293366,23.36453803
7.27464042,22.74482516,2.156550633,23.49212365,16.30072924,28.0311309
1.412462712,48.18735276,1.553369607,23.58389804,8.110645735,17.15227115
0.579995738,48.49424682,2.381412911,22.51326502,9.706838092,16.32424142
2.865282347,47.68657477,0.416573938,24.43515428,8.908674527,15.68774014
2.409433135,47.79787327,0.505917319,24.69995478,8.901375966,15.68544553
1.896481547,47.24465282,1.949732752,25.1075996,7.645691052,16.15584223
1.427837747,47.64096656,1.270056945,24.73706781,8.242476745,16.68159419
1.739952264,47.41895021,0.750774038,24.92352108,8.390111764,16.77669064
1.795974878,43.55245928,6.006217014,25.65597691,9.626720971,13.36265095
3.025460558,35.31161909,5.797109533,43.13429133,5.793822932,6.937696556
5.153875326,37.38611319,4.874816201,41.54920722,2.664223418,8.371764651
5.475202599,37.66208079,5.038134551,41.1689458,2.228601877,8.427034385
8.964946489,38.93319727,10.01291791,35.9846612,4.715581283,1.388695848
6.06165709,40.49064713,11.65847096,33.73947209,5.770504938,2.279247799
8.01838863,35.24856129,24.95853171,6.382129136,14.51892293,10.8734663
1.843816198,43.92298513,17.63384722,24.9176395,1.348815118,10.33289683
2.231586008,49.94022312,17.36071833,16.59654334,5.718613642,8.152315564
3.222009384,48.21408814,16.77520071,14.7793852,6.73881921,10.27049735
2.749756123,48.65011502,16.76590888,14.42784,7.47045068,9.935929291
5.753277049,49.06157334,12.35595603,16.71691241,7.106017464,9.006263711
5.089638698,49.89597982,14.75935271,16.49914926,5.67262207,8.08325743
13.41835023,40.6926393,15.50449575,4.548782891,21.0921644,4.743567432
14.50316823,41.23804809,14.44220402,5.605193071,20.28193344,3.929453153
14.67225845,44.39109747,11.10531551,5.910493897,18.82732855,5.093506118
6.312612272,42.54348115,21.66872783,5.555594373,12.11813719,11.80144718
11.95530421,42.43375131,22.88765025,3.90420879,7.253971871,11.56511357
7.508842764,39.25385327,21.09070176,9.809061383,18.15388804,4.183652786
33.38810763,38.42141716,8.211789165,9.235303858,5.745856784,4.997525404
27.67224877,34.9367062,10.58950105,9.148292243,6.43651796,11.21673377
29.70998041,35.62290479,17.42168967,0.197941303,8.419806651,8.627677176
29.7382301,35.7846001,17.47282091,0.329655553,8.511348309,8.163345025
31.80498596,39.92437185,16.51473357,1.948691013,3.20762621,6.599591399
9.648853571,19.91171141,31.60422606,6.910566024,29.46985189,2.45479104
10.71763781,17.7774114,34.44495217,4.558623593,26.48728704,6.014087987
9.665674055,16.31403731,17.80730527,19.73904289,32.44048894,4.03345153
7.601158765,15.27991247,14.8575143,22.46101762,34.69779778,5.102599068
17.74240332,24.51267676,3.535262514,12.85141329,24.9156734,16.44257072
12.60749017,8.842664962,12.41048649,23.18280854,27.87877715,15.07777269
10.07837259,17.16304568,8.077883402,19.9104749,32.55444658,12.21577685
11.11437042,16.57489044,11.41202858,18.86140378,31.73751935,10.29978744
8.785033139,15.31796421,10.08880711,27.3697225,35.87306216,2.565410882
4.642617394,22.67132781,10.50963573,29.30271691,28.9563475,3.917354661
13.93498366,8.579829017,14.45624654,31.59885757,5.33734727,26.09273594
14.08944113,11.27365883,15.57842708,35.26246922,0.070518206,23.72548552
2.780412947,11.51395549,14.10733312,29.92794024,15.43210971,26.23824849
23.84542038,12.50129169,27.65916191,16.5095973,1.643782455,17.84074627
24.54318953,11.68320872,29.05839513,14.25070655,0.840566177,19.62393388
34.81014246,14.251271,24.32863174,14.03948214,1.712704912,10.85776774
36.39824489,20.85338577,20.55381341,10.57595517,2.919890257,8.698710503
35.99514634,17.69094215,19.94610183,6.804375978,7.666033451,11.89740026
36.015969,16.78003045,16.46702165,7.618332962,8.543973805,14.57467213
32.27529948,10.91484117,17.78557203,16.51218523,5.492327634,17.01977447
30.82337946,8.954185955,16.26019133,17.50194942,7.14435181,19.31594202
38.3530606,8.94283488,22.07117414,21.74936021,1.625915674,7.25765449
38.52368053,8.29510281,23.49407959,15.50134811,4.757805363,9.427983601
39.07152956,5.398066931,24.38752555,18.50060131,2.133884583,10.50839207
38.49230581,0.098015292,22.04998023,19.34691106,6.826007627,13.18677998
23.3619672,6.003382737,42.52913242,11.31368349,8.837677448,7.954156704
12.61677216,7.377130644,47.69147784,12.75060521,11.32930535,8.234708788
10.86824246,9.091042441,45.8217425,10.45175273,13.96883083,9.79838904
10.20090639,10.55086512,46.08599057,10.65619229,13.09571123,9.410334399
4.150284529,15.30069149,48.79235882,11.88823757,10.14749469,9.720932901
10.21026525,12.17458892,46.41789162,4.170870986,11.29073419,15.73564904
10.65298931,11.68284181,46.17410676,1.912264704,9.746125687,19.83167173
14.17117862,7.239883976,39.97735077,8.598568386,8.290556903,21.72246134
14.59557469,11.00675809,40.58965712,9.326684071,3.739510845,20.74181518
20.97485458,13.80588913,43.30556924,8.864415584,1.368592876,11.68067859
3.517376292,18.15875203,32.81049821,11.67557998,14.78084044,19.05695305
15.80522869,19.65025741,30.8357517,16.3188869,9.532439252,7.857436046
7.308898528,25.54137993,25.50693248,19.68675011,18.52444758,3.431591378
5.212355816,23.96689057,25.21825303,24.59462588,12.35747942,8.650395291
5.848837863,23.4588955,25.21854572,24.25546203,13.07680777,8.141451113
5.837551762,23.48333852,25.20165104,24.2135268,13.08259566,8.181336221
5.578158269,23.35595102,26.6287815,23.43139184,11.74859247,9.2571249
4.276039334,23.54344046,27.37893975,23.2600417,12.74686204,8.794676717
3.113782785,23.81964363,29.67041679,20.1722332,15.30768884,7.916234753
3.625702658,23.41434433,30.07570423,18.90295757,15.62548437,8.355806851
5.379512475,24.59917309,30.82630143,18.8129979,12.83931585,7.542699266
11.17832107,42.22808153,11.05607222,7.658871098,11.38036038,16.4982937
